sage examples/real/coil20_n1000.sage
Loaded COIL-20 n=1000: n = 1000, dim = 30
Loaded meta rows: 1000
Distance matrix built: 1000x1000

=== Density guided filtration ===
m = 25 | k_density = 12 | lambda_scale = 1.000000 | schedule = quantile | tau_q_start = 0.080000 | tau_q_end = 0.950000 | tau_q_exponent = 2.000000

  i           τ      β₀      β₁   cyc/vert    cyc/edge   anchors  covered  uncovered      |V|       |E|         |T|
-------------------------------------------------------------------------------------------------------------------
  1           -   1000        0     0.0000     0.0000         0      1000         0      1000         0          0
  2    0.000590    425       19     0.0208     0.0215       922       977        23       912       883        650
  3    0.000591    418       26     0.0285     0.0282       919       977        23       912       922        703
  4    0.000592    417       28     0.0309     0.0305       914       977        23       906       919        698
  5    0.000599    415       16     0.0177     0.0171       906       974        26       902       934        752
  6    0.000606    411       16     0.0180     0.0176       894       968        32       891       911        725
  7    0.000619    394        8     0.0091     0.0079       880       940        60       878      1011        986
  8    0.000649    369        8     0.0092     0.0068       861       934        66       872      1169       1471
  9    0.000678    350        7     0.0081     0.0052       840       912        88       863      1346       1919
 10    0.000717    330        5     0.0059     0.0026       815       892       108       841      1948       4703
 11    0.000754    313        1     0.0012     0.0004       787       872       128       816      2261       6280
 12    0.000789    291        1     0.0013     0.0004       756       845       155       793      2471       7171
 13    0.000841    268        2     0.0026     0.0008       722       828       172       769      2627       7964
 14    0.000882    246        2     0.0027     0.0007       684       787       213       742      2715       8394
 15    0.000925    225        1     0.0014     0.0004       643       754       246       706      2723       9083
 16    0.000984    213        1     0.0015     0.0004       599       704       296       652      2492       8057
 17    0.001062    198        1     0.0017     0.0004       551       645       355       600      2359       7983
 18    0.001149    181        1     0.0018     0.0005       500       603       397       549      2033       6395
 19    0.001240    164        1     0.0020     0.0006       446       548       452       501      1817       5355
 20    0.001365    144        3     0.0067     0.0017       389       462       538       446      1800       5973
 21    0.001560    129        3     0.0079     0.0023       327       392       608       382      1327       4112
 22    0.001883    125        1     0.0033     0.0019       263       281       719       305       516        877
 23    0.002682    100        1     0.0035     0.0014       196       234       766       287       713       1618
 24    0.003557     70        3     0.0126     0.0039       125       172       828       239       766       2130
 25    0.004583     58        2     0.0108     0.0034        51        84       916       186       583       1712

=== β0 barcode (top 20) ===
rank  birth→death   tau_birth→tau_death      C/q      X%     repcls
-------------------------------------------------------------------
   0    2→inf       0.001→    inf         1/912       1        1
   1    2→inf       0.001→    inf         1/912       1        1
   2    2→inf       0.001→    inf         1/912       1        1
   3    2→inf       0.001→    inf         1/912       1        1
   4    2→inf       0.001→    inf         1/912       1        1
   5    2→inf       0.001→    inf         1/912       1        1
   6    2→inf       0.001→    inf         1/912       1        1
   7    2→inf       0.001→    inf         1/912       1        1
   8    2→inf       0.001→    inf         1/912       1        1
   9    2→inf       0.001→    inf         1/912       1        1
  10    2→inf       0.001→    inf         1/912       1        1
  11    2→inf       0.001→    inf         1/912       1        1
  12    2→inf       0.001→    inf         1/912       1        1
  13    2→inf       0.001→    inf         1/912       1        1
  14    2→inf       0.001→    inf         1/912       1        1
  15    2→inf       0.001→    inf         1/912       1        1
  16    2→inf       0.001→    inf         1/912       1        1
  17    2→inf       0.001→    inf         1/912       1        1
  18    2→inf       0.001→    inf         1/912       1        1
  19    2→inf       0.001→    inf         1/912       1        1
[barcode] saved: examples/barcodes/coil20_n1000_beta0.svg
[barcode] wrote: examples/barcodes/coil20_n1000_beta0.jsonl
[beta1][WARN] cycle metadata truncated: too many edges (2627); capped at 2000. {'step': 13}

=== β1 barcode (top 20, min_step_life=1) ===
rank  birth→death   tau_birth→tau_death     q   type      i   |C|  |E|  |P|pref
--------------------------------------------------------------------------------------
   0   24→inf       0.004→    inf    239  cokernel    -     8     8       12
   1   24→inf       0.004→    inf    239  cokernel    -     9     9       13
   2    2→ 24       0.001→  0.004    912  initial    18     7     7        8
   3    2→ 10       0.001→  0.001    912  initial     3     5     5        5
   4    2→ 10       0.001→  0.001    912  initial     6     4     4        4
   5    2→ 10       0.001→  0.001    912  initial     7     4     4        4
   6    2→  8       0.001→  0.001    912  initial    16     7     7        8
   7    2→  8       0.001→  0.001    912  initial    17     4     4        5
   8    3→  9       0.001→  0.001    912  cokernel    -     4     4        4
   9    3→  9       0.001→  0.001    912  cokernel    -     4     4        4
  10    2→  7       0.001→  0.001    912  initial     8     4     4        4
  11    2→  7       0.001→  0.001    912  initial     9     4     4        4
  12    2→  7       0.001→  0.001    912  initial    10     4     4        4
  13    2→  7       0.001→  0.001    912  initial    11     4     4        4
  14    2→  7       0.001→  0.001    912  initial    12     4     4        4
  15    2→  7       0.001→  0.001    912  initial    13     4     4        4
  16    2→  7       0.001→  0.001    912  initial    14     4     4        4
  17    2→  7       0.001→  0.001    912  initial    15     4     4        4
  18    2→  5       0.001→  0.001    912  initial     0     4     4        5
  19    2→  5       0.001→  0.001    912  initial     1     4     4        4
[beta1] saved: examples/barcodes/coil20_n1000_beta1.svg
[beta1] wrote: examples/barcodes/coil20_n1000_beta1.jsonl

