sage examples/synthetic/disjoint_clusters.sage
[plot] saved to: examples/figures/disjoint_clusters.png
[figure] saved graph plot to: examples/figures/disjoint_clusters.png

=== Density guided filtration ===
m = 25 | k_density = 7 | lambda_scale = 1.650000 | schedule = quantile | tau_q_start = 0.080000 | tau_q_end = 0.950000 | tau_q_exponent = 2.000000

  i           τ      β₀      β₁   cyc/vert    cyc/edge   anchors  covered  uncovered      |V|       |E|         |T|
-------------------------------------------------------------------------------------------------------------------
  1           -    160        0     0.0000     0.0000         0       160         0       160         0          0
  2    2.868369      6        3     0.0211     0.0042       148       160         0       142       710       1631
  3    3.117258      6        3     0.0213     0.0042       142       158         2       141       714       1700
  4    3.366147      6        2     0.0142     0.0028       139       158         2       141       717       1720
  5    3.615035      6        2     0.0143     0.0028       132       158         2       140       721       1743
  6    3.863924      5        2     0.0143     0.0028       129       158         2       140       723       1744
  7    4.112813      5        2     0.0147     0.0028       122       157         3       136       727       1768
  8    4.361702      5        0     0.0000     0.0000       115       155         5       135       755       1961
  9    4.610590      5        0     0.0000     0.0000       107       151         9       131       735       1963
 10    4.859479      5        0     0.0000     0.0000       102       150        10       129       723       1957
 11    5.108368      5        0     0.0000     0.0000        98       147        13       123       678       1810
 12    5.357257      5        0     0.0000     0.0000        89       145        15       113       585       1441
 13    5.606145      5        0     0.0000     0.0000        82       139        21       109       558       1373
 14    5.855034      5        0     0.0000     0.0000        73       131        29        97       458       1028
 15    6.103923      5        0     0.0000     0.0000        69       129        31        93       436        998
 16    6.352811      5        0     0.0000     0.0000        63       122        38        87       413        980
 17    6.601700      5        0     0.0000     0.0000        60       120        40        86       410        982
 18    6.850589      5        0     0.0000     0.0000        50       118        42        78       354        821
 19    7.099478      5        0     0.0000     0.0000        43       113        47        65       257        510
 20    7.348366      5        0     0.0000     0.0000        35       104        56        53       180        303
 21    7.597255      5        0     0.0000     0.0000        28       101        59        47       158        272
 22    7.846144      5        0     0.0000     0.0000        20        86        74        34        87        107
 23    8.095033      5        0     0.0000     0.0000        14        54       106        24        47         47
 24    8.343921      5        0     0.0000     0.0000        10        48       112        19        33         34
 25    8.592810      5        0     0.0000     0.0000         9        48       112        18        28         24

=== β0 barcode (top 6) ===
rank  birth→death   tau_birth→tau_death      C/q      X%     repcls
-------------------------------------------------------------------
   0    2→inf       2.868→    inf        14/142      15        9
   1    2→inf       2.868→    inf        27/142      32        5
   2    2→inf       2.868→    inf        27/142      32        7
   3    2→inf       2.868→    inf        28/142      32        8
   4    2→inf       2.868→    inf        31/142      32        4
   5    2→  6       2.868→  3.864        15/142      17        4
[barcode] saved: examples/barcodes/disjoint_clusters_beta0.svg
[barcode] wrote: examples/barcodes/disjoint_clusters_beta0.jsonl

=== β1 barcode (top 3, min_step_life=1) ===
rank  birth→death   tau_birth→tau_death     q   type      i   |C|  |E|  |P|pref
--------------------------------------------------------------------------------------
   0    2→  8       2.868→  4.362    142  initial     0     5     5        5
   1    2→  8       2.868→  4.362    142  initial     1     4     4        4
   2    2→  4       2.868→  3.366    142  initial     2     4     4        4
[beta1] saved: examples/barcodes/disjoint_clusters_beta1.svg
[beta1] wrote: examples/barcodes/disjoint_clusters_beta1.jsonl
