sage examples/synthetic/figure8_blobs.sage
[plot] saved to: examples/figures/figure8_blobs.png
[figure] saved graph plot to: examples/figures/figure8_blobs.png

=== Density guided filtration ===
m = 25 | k_density = 7 | lambda_scale = 1.650000 | schedule = quantile | tau_q_start = 0.080000 | tau_q_end = 0.950000 | tau_q_exponent = 2.000000

  i           τ      β₀      β₁   cyc/vert    cyc/edge   anchors  covered  uncovered      |V|       |E|         |T|
-------------------------------------------------------------------------------------------------------------------
  1           -    160        0     0.0000     0.0000         0       160         0       160         0          0
  2    0.956651     34        0     0.0000     0.0000       148       160         0       106       160        178
  3    1.059640     32        0     0.0000     0.0000       138       158         2       103       171        228
  4    1.162630     27        0     0.0000     0.0000       124       158         2        97       165        214
  5    1.265619     25        0     0.0000     0.0000       111       156         4        93       180        262
  6    1.368609     21        0     0.0000     0.0000       100       147        13        88       186        273
  7    1.471598     13        0     0.0000     0.0000        87       131        29        80       257        553
  8    1.574587     11        0     0.0000     0.0000        74       117        43        69       209        393
  9    1.677577     10        0     0.0000     0.0000        69       117        43        67       197        352
 10    1.780566      8        0     0.0000     0.0000        54       104        56        57       157        237
 11    1.883556      7        0     0.0000     0.0000        50        89        71        52       160        270
 12    1.986545      7        0     0.0000     0.0000        45        86        74        51       159        282
 13    2.089534      7        0     0.0000     0.0000        43        84        76        48       146        246
 14    2.192524      7        0     0.0000     0.0000        40        64        96        45       136        229
 15    2.295513      7        0     0.0000     0.0000        29        60       100        40       103        143
 16    2.398503      7        0     0.0000     0.0000        24        57       103        37        91        124
 17    2.501492      7        0     0.0000     0.0000        20        43       117        32        79        114
 18    2.604482      7        0     0.0000     0.0000        18        33       127        31        76        112
 19    2.707471      7        0     0.0000     0.0000        17        32       128        29        66         92
 20    2.810460      7        0     0.0000     0.0000        13        31       129        27        54         64
 21    2.913450      7        0     0.0000     0.0000        12        31       129        27        54         64
 22    3.016439      7        0     0.0000     0.0000        11        31       129        27        54         64
 23    3.119429      7        0     0.0000     0.0000        10        31       129        27        54         64
 24    3.222418      7        0     0.0000     0.0000         9        30       130        25        46         52
 25    3.325407      7        0     0.0000     0.0000         9        30       130        25        46         52

=== β0 barcode (top 20) ===
rank  birth→death   tau_birth→tau_death      C/q      X%     repcls
-------------------------------------------------------------------
   0    2→inf       0.957→    inf         7/106      11        2
   1    2→inf       0.957→    inf         6/106       8        2
   2    2→inf       0.957→    inf        12/106      18        5
   3    2→inf       0.957→    inf         2/106       7        7
   4    2→inf       0.957→    inf         3/106       7        2
   5    2→inf       0.957→    inf         3/106       4        3
   6    2→inf       0.957→    inf         5/106      10        3
   7    2→ 11       0.957→  1.884         1/106       1        1
   8    2→ 10       0.957→  1.781         1/106       1        1
   9    2→ 10       0.957→  1.781         3/106       3        2
  10    2→  9       0.957→  1.678         4/106       8        2
  11    2→  8       0.957→  1.575         7/106      13        3
  12    2→  8       0.957→  1.575         3/106       3        1
  13    2→  7       0.957→  1.472         1/106       1        1
  14    2→  7       0.957→  1.472         2/106       2        1
  15    2→  7       0.957→  1.472         2/106       2        2
  16    2→  7       0.957→  1.472         6/106       6        2
  17    2→  7       0.957→  1.472         1/106       1        1
  18    2→  7       0.957→  1.472         2/106       2        1
  19    2→  7       0.957→  1.472         7/106      11        9
[barcode] saved: examples/barcodes/figure8_blobs_beta0.svg
[barcode] wrote: examples/barcodes/figure8_blobs_beta0.jsonl

=== β1 barcode (top 0, min_step_life=1) ===
rank  birth→death   tau_birth→tau_death     q   type      i   |C|  |E|  |P|pref
--------------------------------------------------------------------------------------
[beta1] empty

