NOTE.
For this dataset, the computation of β₁ barcodes did not complete in the
current run environment. As a result, the β₁ barcode table is not included
in this file, and the files
  - paul15_n1000_beta1.jsonl
  - paul15_n1000_beta1.svg
are not present in the repository.

All other reported quantities, including the full filtration summary table,
giant/dust timeline, and β₀ barcode outputs, were computed successfully and
are included.

sage examples/real/paul15_n1000.sage
Loaded labels: 1000
Distance matrix built: 1000x1000

=== Density guided filtration ===
m = 25 | k_density = 12 | lambda_scale = 1.000000 | schedule = quantile | tau_q_start = 0.080000 | tau_q_end = 0.950000 | tau_q_exponent = 2.000000

  i           τ      β₀      β₁   cyc/vert    cyc/edge   anchors  covered  uncovered      |V|       |E|         |T|
-------------------------------------------------------------------------------------------------------------------
  1           -   1000        0     0.0000     0.0000         0      1000         0      1000         0          0
  2    0.090196    386      135     0.1358     0.1532       921       940        60       994       881        165
  3    0.091207    384      148     0.1489     0.1632       919       940        60       994       907        179
  4    0.092664    381      140     0.1411     0.1464       914       938        62       992       956        238
  5    0.095111    355      101     0.1022     0.0836       906       933        67       988      1208        581
  6    0.098829    340       51     0.0520     0.0301       894       923        77       981      1697       1270
  7    0.102268    322        9     0.0092     0.0031       880       914        86       979      2896       4157
  8    0.105832    299        0     0.0000     0.0000       861       902        98       971      5150      14070
  9    0.108132    280        1     0.0010     0.0001       840       889       111       959      9057      42473
 10    0.113152    263        0     0.0000     0.0000       815       873       127       948     12233      76710
 11    0.116478    250        0     0.0000     0.0000       787       850       150       933     13875      93931
 12    0.119214    234        0     0.0000     0.0000       756       825       175       908     15076     105413
 13    0.123295    211        0     0.0000     0.0000       723       812       188       890     16476     122288
 14    0.125876    188        0     0.0000     0.0000       684       795       205       871     17923     142186
 15    0.129186    160        0     0.0000     0.0000       643       770       230       848     19355     162339
 16    0.132399    139        0     0.0000     0.0000       599       747       253       822     20301     177161
 17    0.135370    124        1     0.0013     0.0000       551       726       274       800     21523     195943
 18    0.138624    111        0     0.0000     0.0000       500       697       303       770     22217     206304
 19    0.141936    100        0     0.0000     0.0000       446       673       327       737     21800     205426
 20    0.145075     90        0     0.0000     0.0000       388       620       380       689     20537     195665
 21    0.149208     77        0     0.0000     0.0000       327       575       425       641     19475     188597
 22    0.153139     72        0     0.0000     0.0000       263       518       482       563     16853     163007
 23    0.158338     67        0     0.0000     0.0000       196       427       573       469     13794     134861
 24    0.165312     64        0     0.0000     0.0000       125       334       666       359      9950      99327
 25    0.175014     63        0     0.0000     0.0000        51       182       818       225      5015      48849

=== Giant/Dust timeline (from K 1-skeleton) ===
 step  beta0  largest  frac    dust_count  dust_total  dust_max
--------------------------------------------------------------
   2    386      556  0.559         385        438        23
   3    384      558  0.561         383        436        23
   4    381      560  0.565         380        432        23
   5    355      610  0.617         354        378         5
   6    340      618  0.630         339        363         5
   7    322      633  0.647         321        346         5
   8    299      652  0.671         298        319         5
   9    280      664  0.692         279        295         5
  10    263      672  0.709         262        276         5
  11    250      671  0.719         249        262         5
  12    234      664  0.731         233        244         5
  13    211      668  0.751         210        222         6
  14    188      672  0.772         187        199         6
  15    160      679  0.801         159        169         6
  16    139      679  0.826         138        143         3
  17    124      675  0.844         123        125         2
  18    111      658  0.855         110        112         2
  19    100      637  0.864          99        100         2
  20     90      599  0.869          89         90         2
  21     77      564  0.880          76         77         2
  22     72      490  0.870          71         73         3
  23     67      403  0.859          66         66         1
  24     64      296  0.825          63         63         1
  25     63      163  0.724          62         62         1

First step with giant ≥ 50%: (2, 556, 994)
First step with giant ≥ 80%: (15, 679, 848)

=== β0 barcode (top 20) ===
rank  birth→death   tau_birth→tau_death      C/q      X%     repcls
-------------------------------------------------------------------
   0    2→inf       0.090→    inf       556/994     561        1
   1    2→inf       0.090→    inf         1/994       1        1
   2    2→inf       0.090→    inf         1/994       1        1
   3    2→inf       0.090→    inf         1/994       1        1
   4    2→inf       0.090→    inf         1/994       1        1
   5    2→inf       0.090→    inf         1/994       1        1
   6    2→inf       0.090→    inf         1/994       1        1
   7    2→inf       0.090→    inf         1/994       1        1
   8    2→inf       0.090→    inf         1/994       1        1
   9    2→inf       0.090→    inf         1/994       1        1
  10    2→inf       0.090→    inf         1/994       1        1
  11    2→inf       0.090→    inf         1/994       1        1
  12    2→inf       0.090→    inf         1/994       1        1
  13    2→inf       0.090→    inf         1/994       1        1
  14    2→inf       0.090→    inf         1/994       1        1
  15    2→inf       0.090→    inf         1/994       1        1
  16    2→inf       0.090→    inf         1/994       1        1
  17    2→inf       0.090→    inf         1/994       1        1
  18    2→inf       0.090→    inf         1/994       1        1
  19    2→inf       0.090→    inf         1/994       1        1
[barcode] saved: examples/barcodes/paul15_n1000_beta0.svg
[barcode] wrote: examples/barcodes/paul15_n1000_beta0.jsonl
