sage examples/synthetic/six_blobs_on_circle.sage
[plot] saved to: examples/figures/six_blobs_on_circle.png
[figure] saved graph plot to: examples/figures/six_blobs_on_circle.png

=== Density guided filtration ===
m = 25 | k_density = 7 | lambda_scale = 1.650000 | schedule = quantile | tau_q_start = 0.080000 | tau_q_end = 0.950000 | tau_q_exponent = 2.000000

  i           τ      β₀      β₁   cyc/vert    cyc/edge   anchors  covered  uncovered      |V|       |E|         |T|
-------------------------------------------------------------------------------------------------------------------
  1           -    120        0     0.0000     0.0000         0       120         0       120         0          0
  2    2.106430      6        0     0.0000     0.0000       111       120         0        76       226        321
  3    2.270282      6        0     0.0000     0.0000       106       119         1        75       222        316
  4    2.434134      6        0     0.0000     0.0000       104       119         1        75       223        319
  5    2.597985      6        0     0.0000     0.0000       100       119         1        74       223        319
  6    2.761837      6        0     0.0000     0.0000        96       119         1        74       223        319
  7    2.925689      6        0     0.0000     0.0000        89       117         3        70       203        278
  8    3.089540      6        0     0.0000     0.0000        88       117         3        70       204        281
  9    3.253392      6        0     0.0000     0.0000        84       117         3        70       204        281
 10    3.417244      6        0     0.0000     0.0000        79       116         4        68       197        271
 11    3.581095      6        0     0.0000     0.0000        77       116         4        68       197        271
 12    3.744947      6        0     0.0000     0.0000        73       115         5        68       200        283
 13    3.908799      6        0     0.0000     0.0000        66       111         9        64       186        260
 14    4.072650      6        0     0.0000     0.0000        56       106        14        53       142        187
 15    4.236502      6        0     0.0000     0.0000        51       106        14        52       142        197
 16    4.400354      6        0     0.0000     0.0000        44       102        18        46       117        149
 17    4.564206      6        0     0.0000     0.0000        38        92        28        41        96        106
 18    4.728057      6        0     0.0000     0.0000        36        90        30        40        92        101
 19    4.891909      6        0     0.0000     0.0000        25        72        48        32        71         84
 20    5.055761      6        0     0.0000     0.0000        24        72        48        32        72         86
 21    5.219612      6        0     0.0000     0.0000        23        71        49        31        63         62
 22    5.383464      6        0     0.0000     0.0000        18        58        62        25        51         57
 23    5.547316      6        0     0.0000     0.0000        11        45        75        19        32         33
 24    5.711167      6        0     0.0000     0.0000        10        45        75        18        27         23
 25    5.875019      6        0     0.0000     0.0000         7        45        75        16        19         11

=== β0 barcode (top 6) ===
rank  birth→death   tau_birth→tau_death      C/q      X%     repcls
-------------------------------------------------------------------
   0    2→inf       2.106→    inf          9/76      20       12
   1    2→inf       2.106→    inf         11/76      20       10
   2    2→inf       2.106→    inf         13/76      20        9
   3    2→inf       2.106→    inf         13/76      20        8
   4    2→inf       2.106→    inf         15/76      20       11
   5    2→inf       2.106→    inf         15/76      20        5
[barcode] saved: examples/barcodes/six_blobs_on_circle_beta0.svg
[barcode] wrote: examples/barcodes/six_blobs_on_circle_beta0.jsonl

=== β1 barcode (top 0, min_step_life=1) ===
rank  birth→death   tau_birth→tau_death     q   type      i   |C|  |E|  |P|pref
--------------------------------------------------------------------------------------
[beta1] empty

