sage examples/synthetic/six_bumps_on_ring_band.sage
[plot] saved to: examples/figures/six_bumps_on_ring_band.png
[figure] saved graph plot to: examples/figures/six_bumps_on_ring_band.png

=== Density guided filtration ===
m = 25 | k_density = 7 | lambda_scale = 1.650000 | schedule = quantile | tau_q_start = 0.080000 | tau_q_end = 0.950000 | tau_q_exponent = 2.000000

  i           τ      β₀      β₁   cyc/vert    cyc/edge   anchors  covered  uncovered      |V|       |E|         |T|
-------------------------------------------------------------------------------------------------------------------
  1           -    192        0     0.0000     0.0000         0       192         0       192         0          0
  2    1.155927     16        1     0.0065     0.0019       177       192         0       155       538       1188
  3    1.376857     10        0     0.0000     0.0000       167       192         0       147       675       1690
  4    1.597786      6        0     0.0000     0.0000       160       190         2       144       783       2285
  5    1.818716      3        0     0.0000     0.0000       152       180        12       141       801       2378
  6    2.039646      3        0     0.0000     0.0000       147       174        18       136       792       2371
  7    2.260575      3        0     0.0000     0.0000       143       171        21       135       802       2449
  8    2.481505      3        0     0.0000     0.0000       136       163        29       130       760       2283
  9    2.702434      3        0     0.0000     0.0000       130       158        34       123       678       1908
 10    2.923364      3        0     0.0000     0.0000       126       156        36       120       651       1814
 11    3.144294      3        0     0.0000     0.0000       120       155        37       119       640       1777
 12    3.365223      3        0     0.0000     0.0000       110       152        40       115       591       1523
 13    3.586153      3        0     0.0000     0.0000        98       144        48       104       513       1272
 14    3.807082      3        0     0.0000     0.0000        92       144        48        99       471       1109
 15    4.028012      3        0     0.0000     0.0000        88       142        50        95       437        995
 16    4.248942      3        0     0.0000     0.0000        78       134        58        84       362        768
 17    4.469871      3        0     0.0000     0.0000        63       128        64        71       286        578
 18    4.690801      3        0     0.0000     0.0000        56       119        73        65       257        506
 19    4.911731      3        0     0.0000     0.0000        45       101        91        57       216        401
 20    5.132660      3        0     0.0000     0.0000        40       100        92        54       198        354
 21    5.353590      3        0     0.0000     0.0000        31        93        99        44       137        205
 22    5.574519      3        0     0.0000     0.0000        27        87       105        37       106        148
 23    5.795449      3        0     0.0000     0.0000        17        63       129        26        63         72
 24    6.016379      3        0     0.0000     0.0000        15        48       144        23        52         60
 25    6.237308      3        0     0.0000     0.0000        11        42       150        19        42         52

=== β0 barcode (top 16) ===
rank  birth→death   tau_birth→tau_death      C/q      X%     repcls
-------------------------------------------------------------------
   0    2→inf       1.156→    inf         1/155       1        1
   1    2→inf       1.156→    inf        11/155      13        5
   2    2→inf       1.156→    inf        21/155      28       20
   3    2→  5       1.156→  1.819         1/155       1        1
   4    2→  5       1.156→  1.819        26/155      30        2
   5    2→  5       1.156→  1.819         9/155      11        4
   6    2→  4       1.156→  1.598        23/155      30        1
   7    2→  4       1.156→  1.598         4/155       5        1
   8    2→  4       1.156→  1.598         5/155       5        1
   9    2→  4       1.156→  1.598         4/155       4        1
  10    2→  3       1.156→  1.377         2/155       2        1
  11    2→  3       1.156→  1.377         2/155       2        1
  12    2→  3       1.156→  1.377         3/155       3        1
  13    2→  3       1.156→  1.377         3/155       3        3
  14    2→  3       1.156→  1.377        20/155      29       14
  15    2→  3       1.156→  1.377        20/155      25       12
[barcode] saved: examples/barcodes/six_bumps_on_ring_band_beta0.svg
[barcode] wrote: examples/barcodes/six_bumps_on_ring_band_beta0.jsonl

=== β1 barcode (top 1, min_step_life=1) ===
rank  birth→death   tau_birth→tau_death     q   type      i   |C|  |E|  |P|pref
--------------------------------------------------------------------------------------
   0    2→  3       1.156→  1.377    155  initial     0     7     7        7
[beta1] saved: examples/barcodes/six_bumps_on_ring_band_beta1.svg
[beta1] wrote: examples/barcodes/six_bumps_on_ring_band_beta1.jsonl

