sage examples/synthetic/tree_like_clusters.sage
[plot] saved to: examples/figures/tree_like_clusters.png
[figure] saved graph plot to: examples/figures/tree_like_clusters.png

=== Density guided filtration ===
m = 25 | k_density = 7 | lambda_scale = 1.650000 | schedule = quantile | tau_q_start = 0.080000 | tau_q_end = 0.950000 | tau_q_exponent = 2.000000

  i           τ      β₀      β₁   cyc/vert    cyc/edge   anchors  covered  uncovered      |V|       |E|         |T|
-------------------------------------------------------------------------------------------------------------------
  1           -    140        0     0.0000     0.0000         0       140         0       140         0          0
  2    2.342478      7        0     0.0000     0.0000       129       140         0        89       255        345
  3    2.524448      7        0     0.0000     0.0000       125       139         1        88       251        340
  4    2.706419      7        0     0.0000     0.0000       122       139         1        88       253        346
  5    2.888389      7        0     0.0000     0.0000       118       139         1        87       253        346
  6    3.070360      7        0     0.0000     0.0000       113       139         1        87       253        346
  7    3.252330      7        0     0.0000     0.0000       106       137         3        83       233        305
  8    3.434301      7        0     0.0000     0.0000       105       137         3        83       234        308
  9    3.616271      7        0     0.0000     0.0000       100       137         3        83       235        309
 10    3.798242      7        0     0.0000     0.0000        92       136         4        80       226        298
 11    3.980212      7        0     0.0000     0.0000        89       135         5        80       231        311
 12    4.162183      7        0     0.0000     0.0000        83       134         6        80       236        329
 13    4.344153      7        0     0.0000     0.0000        76       130        10        76       222        306
 14    4.526124      7        0     0.0000     0.0000        64       125        15        64       175        230
 15    4.708094      7        0     0.0000     0.0000        58       125        15        63       177        245
 16    4.890065      7        0     0.0000     0.0000        50       121        19        57       153        199
 17    5.072035      7        0     0.0000     0.0000        43       109        31        48       110        117
 18    5.254006      7        0     0.0000     0.0000        40       107        33        46       103        109
 19    5.435976      7        0     0.0000     0.0000        28        87        53        37        79         89
 20    5.617947      7        0     0.0000     0.0000        27        87        53        37        80         91
 21    5.799917      7        0     0.0000     0.0000        25        86        54        35        68         64
 22    5.981887      7        0     0.0000     0.0000        20        73        67        29        56         59
 23    6.163858      7        0     0.0000     0.0000        13        60        80        23        37         35
 24    6.345828      7        0     0.0000     0.0000        12        60        80        22        32         25
 25    6.527799      7        0     0.0000     0.0000         8        58        82        18        20         11

=== β0 barcode (top 7) ===
rank  birth→death   tau_birth→tau_death      C/q      X%     repcls
-------------------------------------------------------------------
   0    2→inf       2.342→    inf          9/89      20       12
   1    2→inf       2.342→    inf         11/89      20       10
   2    2→inf       2.342→    inf         13/89      20        9
   3    2→inf       2.342→    inf         13/89      20        8
   4    2→inf       2.342→    inf         13/89      20       11
   5    2→inf       2.342→    inf         15/89      20       11
   6    2→inf       2.342→    inf         15/89      20        5
[barcode] saved: examples/barcodes/tree_like_clusters_beta0.svg
[barcode] wrote: examples/barcodes/tree_like_clusters_beta0.jsonl

=== β1 barcode (top 0, min_step_life=1) ===
rank  birth→death   tau_birth→tau_death     q   type      i   |C|  |E|  |P|pref
--------------------------------------------------------------------------------------
[beta1] empty

